function linedt = linedatas(~)

%      |  From |  To   |    R    |    X    |   B/2 |  X'mer  |
%      |  Bus  | Bus   |         |         |       |         |
linedt = [ 1      2     0.10926   0.21857   0.00511/2    1
           1      4     0.05465   0.21858   0.00511/2    1
           2      3     0.05451   0.27325   0.00770/2    1
           2      4     0.05454   0.10909   0.00247/2    1
           3      6     0.02190   0.10950   0.00252/2    1
           4      5     0.21817   0.43674   0.01017/2    1
           5      6     0.10900   0.32715   0.00775/2    1];